28360
21558
64813
82055
33728
73722
12311
22045
85535
61967
13605
99845
11141
79005
79342
67477
24312
71883
31800
50510
93894
72437
79835
538
19403
2113
98458
8313
359
11730
15338
84731
81523
18430
7781
50868
96800
4925
34284
35631
38115
50936
18570
64229
72488
44231
78844
82623
63595
77463
8443
51562
76079
80525
48832
53247
21254
36317
22882
81679
20564
38302
7297
7458
86046
57224
71483
43962
34684
71878
75715
93922
15031
14656
56072
54647
63311
6110
81663
25801
7801
70019
39415
9502
91672
7518
86906
63
87932
42594
37955
32627
99119
45122
14765
58193
80804
27285
51828
4673
97628
19719
86189
26145
64600
99445
85349
27181
23715
88078
78300
25642
10003
84816
71461
25012
10419
20592
30487
27436
76971
56824
15283
59203
82068
35993
2824
22814
26108
91944
14046
50461
52041
10780
22920
71704
80126
4942
66524
45627
11490
83501
70018
50835
17940
80309
66220
44852
19326
64939
32531
62094
61603
24754
23478
5731
33049
28827
17812
78432
68799
72762
51196
44957
69889
25809
33969
33468
9366
52535
72807
31926
98363
49423
50804
42959
64230
16311
97186
93689
36602
17244
90503
15812
8017
91775
68369
33103
41976
10045
86091
85658
30782
12385
61269
96449
26361
61522
66122
74303
34686
79613
2344
24103
30875
17571
11703
67162
62338
28318
7145
40660
93987
39113
88399
63812
76643
57507
73847
93283
45348
18784
55315
3925
9831
47798
69121
30418
34767
23486
53471
76964
8590
92155
15390
21595
52827
80856
28039
74561
90018
32093
25273
14669
34085
49765
41098
32023
33659
23142
32179
38951
68161
79177
93506
89288
37819
3962
89579
60284
10964
36054
80573
40862
42621
83932
53765
71315
96853
40075
40902
25290
25564
60897
68918
70549
70872
42629
29159
95535
71142
86188
97039
89662
63536
81077
49791
75729
35757
25766
58992
51788
89207
58329
50184
12210
28469
95700
88524
4809
27084
5365
72204
37838
77551
97469
89911
82115
80906
42634
56383
35920
23557
34087
63491
40613
56655
3749
45137
73553
98890
46487
4706
57714
15015
30953
78591
88372
67182
63651
39347
34552
20274
80783
63363
31052
38526
17865
76124
31737
13564
91218
9854
31511
70692
7274
31614
44291
71217
59453
71081
30501
72173
30484
39233
96282
4426
96982
32337
26304
82715
23565
40867
23733
40697
51261
44940
67301
51032
66076
38562
56778
85551
75769
56812
17381
23749
47445
50138
5589
9947
71710
109
66000
32610
27084
8227
35174
99058
21048
59838
62536
63402
2889
97497
81846
4563
66518
84994
19468
71146
56917
24900
29947
58900
18127
38107
48661
34310
94671
40233
32448
24190
82830
90171
42004
54140
2589
3629
79868
39045
16680
4040
63006
49525
90007
76242
60205
45331
69646
67122
66029
79748
47108
34972
86075
92418
10188
62484
44739
63865
95551
91314
66076
20249
13118
38207
56007
37437
32590
49885
98783
85382
5231
98430
46104
29122
97159
70513
13481
12425
66032
92610
66680
33137
81681
41466
94850
62635
5018
61001
13846
39715
54064
14920
41325
84719
80797
5180
76710
98573
66851
7135
2511
26288
28988
20243
33509
13167
47503
56646
62331
51810
91588
35663
32923
98745
68321
76230
50274
32048
99138
75311
75202
79504
75315
94156
30965
61070
21938
78666
11074
11951
58642
59189
98735
67971
97670
67667
27652
49057
77214
23045
42029
10955
4630
29656
51652
23901
81042
19495
4361
24629
60249
72100
7246
48597
38879
94233
44007
75413
68819
1899
7918
49245
5326
30838
10262
33547
35513
24249
69415
64805
89059
66311
53424
88768
88679
21113
66950
34888
40472
49708
90646
64120
71896
33064
51113
39132
88366
97941
13020
32349
95875
47617
12027
7744
3676
29530
45835
35012
43575
14275
17265
84693
98806
86297
97174
30216
43583
21493
24873
45544
56740
37838
15
14405
82568
80984
552
65380
23095
53380
5217
71254
6100
27836
66731
26815
42810
31033
61174
16566
7111
12123
11573
63885
41158
17375
67004
32117
99801
24534
3699
54528
11441
6877
21938
67565
23250
71553
76775
93784
41549
14320
26820
98892
6261
63591
47172
23122
88176
40830
8937
92311
13071
95987
7170
28810
6471
39442
64439
19244
27769
82899
27398
8377
51161
60773
14318
60146
32432
35017
98891
70828
8975
4523
10538
7201
70943
65426
54607
41879
37555
66422
7705
6467
32641
98194
31127
15498
91176
98673
71996
14253
85793
2098
99856
73285
4954
35549
36334
5469
61686
48036
50026
14616
16172
73244
96790
41508
61433
84432
37115
15944
88645
11463
28296
42954
39061
23337
99709
79470
85830
2250
89904
12181
43407
37023
99829
34003
4195
90128
97227
78314
22839
21738
46808
79602
8620
47795
35745
29720
75189
25712
57526
45987
87506
85082
10198
43518
22483
35214
49715
35680
49369
44680
66716
99113
34182
20988
84512
10778
67231
83609
85663
37479
90862
12881
5205
29140
58959
79022
67901
31290
98321
93070
9600
90865
86111
67881
40860
60344
85581
90411
78932
98995
97569
5924
92814
75742
3943
86584
20071
40853
81268
38188
26292
99481
10617
68723
56152
13060
75430
41670
25544
72322
1631
31263
64669
83024
56098
10701
72929
56615
37849
43397
26218
14295
88714
11214
14677
1705
617
71819
54813
73037
48735
75792
6025
66390
56855
39467
55240
17986
99766
98208
80799
58881
99955
86929
51463
54932
36152
40432
7255
15390
46468
12141
65230
5301
23128
77329
37757
70489
65949
70206
24880
59972
88957
89620
28754
56598
66755
75131
75194
96862
62703
4718
18265
41764
98291
21
97149
91543
22654
31799
24627
2902
95153
63856
61242
41234
79030
49449
83145
75379
18410
27396
96312
29759
84665
63579
65324
51715
90650
66783
55280
82739
44939
47682
54703
58793
74567
62272
12507
99947
46148
97475
29595
8526
39511
47325
13746
79720
30388
83439
20543
57101
43883
45796
57739
88767
51281
4831
62900
34247
79525
69560
48753
80696
1895
70874
82161
88633
46772
24230
96824
34092
15239
59138
72810
42616
17495
42400
23169
5497
87554
74963
60427
50946
46954
33762
11934
18876
36620
99839
48216
96171
56637
85523
25091
32855
77204
89436
19176
62539
80482
4153
77841
77033
29257
38193
32026
13266
52889
9947
96011
35466
8333
99709
67603
64007
90296
46456
53118
4122
61635
36185
10158
58617
82372
96629
77189
37512
67111
96042
89761
59728
40806
23076
6501
98350
9442
6655
9251
20913
24354
76731
17609
