31922
69579
42361
85434
36673
81745
7818
95530
3021
13382
71427
19444
68406
88248
71120
69301
2245
95140
83610
21692
44163
73544
56050
74219
82804
55412
6584
27955
89238
71817
15132
8842
58731
44334
33858
96828
97326
95286
15812
4318
17369
4932
42017
2658
78359
82598
49769
2743
82919
59060
76710
54694
75531
39845
1137
40152
61886
92780
854
34730
39292
42561
95688
24051
69448
23011
81814
43444
58924
57711
49702
38889
52301
7087
95435
2605
44501
62019
94122
74772
81729
9104
96566
53632
12205
47073
29531
72216
73759
96810
74550
38366
57562
14282
2091
81415
24513
47684
24092
64526
